40.71821055378508,-73.98958501195519
33.448276317663996,-112.07391798344705
33.451565694352915,-111.91769559312515
41.87819362669117,-87.62982648082107
37.71984077957384,-122.41396123174994
38.886236483400424,-77.04723388709603
33.35678201562962,-111.82251136091494
33.768232631233175,-84.39631538684512
42.36334450974241,-71.07850194108677
47.60640128849433,-122.3320402021265
36.11719468469544,-115.17104853613729
34.052298866010275,-118.24382744464906
44.98001640840875,-93.26377570797455
30.267265080765323,-97.74301837147084
40.74581868806287,-73.80574108532778
39.73838338076277,-104.98862593872332
39.95255693914091,-75.1640382692241
34.01851977862825,-118.45752069005924
32.9809637986068,-117.07826522160836
32.80312068504479,-96.76982401051936
37.336418127118236,-121.91605829554834
28.538133267448014,-81.37926937300513
32.706581537749614,-117.14893096271844
32.22173092053982,-110.92650161239506
34.1355689842255,-118.35743625508283
29.76231481771085,-95.38287383406619
43.03991838709366,-87.90627782815146
33.8325890634293,-117.90176258497097
37.400562596376794,-122.10073117274901
25.783467996500207,-80.18298571372068
45.523435097583445,-122.67598983411371
33.544473696548806,-112.27341177202459
33.66882170178199,-117.91966831339235
-6.208450540642423,106.84469880516359
27.949413848475,-82.46499284018459
34.15672559890702,-118.24824773688559
39.10135587258601,-94.58370915737272
35.227642008604846,-80.84329943782376
43.6531999862909,-79.38281306250417
37.810474375979055,-122.26861145626911
39.996314934241994,-83.00040989622363
39.76835839064734,-86.15779182054565
33.865175366606195,-118.36860018125364
47.642332804909216,-122.1707998387598
39.28623024014789,-76.61517336263768
34.04892809999962,-111.09373110000098
40.44104117862051,-79.99624394125765
34.12568019081379,-118.1302836444539
40.79289327952294,-74.16368258881485
37.541258310566754,-122.29765016975797
33.64855518510655,-117.7583704665084
33.80357922406203,-118.15367949423421
40.876717251759906,-73.89808966204474
41.492022221132515,-81.69835776285383
29.424762222150388,-98.49352898244378
26.12819693301197,-80.15215195594827
35.770825217620775,-78.63810387075353
38.64533776046367,-90.22700675022344
51.50318722487488,-0.1241772740303515
44.96312884416966,-93.11907276464613
38.58140826407603,-121.49609994346609
40.705672155786104,-73.61181723638852
38.98218393227031,-77.38389033074043
38.8701280823003,-77.25476055389038
34.10601435546633,-117.98318716787024
40.76106891151186,-111.89313175687317
39.13074845322022,-84.50276532745941
37.54290888207954,-77.46848732031006
36.16404678493131,-86.78051155438375
49.244751202473566,-123.11047899583444
35.20135160000024,-111.63924899999985
40.014985599999676,-105.2705455999982
38.980944676267846,-77.09246188446583
32.873953805687094,-97.00522758530732
41.00323518491003,-73.77109169197615
34.06415945628317,-117.65421761929171
41.25394213530276,-95.99920863374957
40.4868519542307,-74.43286999596155
29.96265288675384,-90.06979129081282
42.062839261816045,-87.77699673075328
41.863088229785774,-87.88805184369279
37.69221335253937,-122.09601520476156
44.88347490874799,-93.32302246908002
40.717696902435534,-74.31271132722064
30.332392423993728,-81.65513004829774
43.07295935049854,-89.40065759418523
40.638083025728186,-74.24146342766984
33.87162062211543,-118.04687830336476
42.89246720317917,-78.8767963750392
38.989243258735954,-94.67554037973987
34.209190016831805,-118.53181528762391
33.00103019488217,-96.70674710039411
26.002296040791748,-80.2056993213423
40.59842894595591,-74.11894889025744
34.06225151225385,-84.31680714026234
43.16340673448238,-77.61379946097964
33.97513945217402,-84.5760105742032
43.05153716107712,-76.14712134596188
42.33514398094438,-83.0442094060701
36.08282594584727,-86.6464960987074
34.06590167122913,-117.82371380642495
42.95521747604033,-85.67724985374389
28.65524026179173,-81.34036685027444
-0.1654706122077935,36.66271402779234
35.14978264194141,-90.05092808315047
-23.549049085866752,-46.638928532266355
42.48179771774478,-83.1574763860697
47.47260284515293,-122.26465383571382
38.25498705904969,-85.75978476606365
37.55860152739039,-121.99805053565929
19.42787721587841,-99.13874635067603
39.10043000068512,-77.17462933858415
37.92870664787534,-122.52254866968829
42.06878559849405,-87.99335083494016
39.91064184115227,-75.00652610411518
35.79275154373535,-78.80135789787263
41.79848733783797,-88.11172226792782
42.27082595464611,-83.72670233650474
41.058141735335816,-73.54459238162535
33.98272894662382,-117.97869569228321
40.06427424306562,-74.39624192481745
36.03357398219607,-115.00281677329372
36.78551415117385,-119.40380915680728
32.72683020414957,-97.3211367282163
28.381571269733573,-81.53677150653787
42.27700949477103,-85.58285681732053
44.86592735321319,-93.4952671511572
39.091190398391426,-76.65476795174237
33.182290855434864,-117.34244295706543
45.50879486846147,-73.5494447096153
42.55640504731185,-83.34204200645162
40.059430391331304,-75.3442821594428
27.78099024326247,-82.64505764231646
39.980694434878075,-86.0559165970728
35.46841239540231,-97.51753979540196
41.59620336531163,-93.73426033197842
37.91347731776453,-122.0651442552891
33.23997307034886,-111.62710539244173
32.78874194247553,-79.92399622014563
43.01365100412375,-88.03792636443313
40.824030171252986,-74.4405041800983
42.30901047288137,-83.40577057824855
39.61466798333348,-104.98990888606579
34.3841439901514,-118.53477447196964
26.334311930024427,-80.09196281549592
38.952783763920415,-92.33613771733019
33.996610851851884,-84.16033582592607
32.922794666590924,-97.16421343181827
32.74944117740877,-97.08686614817306
42.003671479153965,-88.09826977250785
30.441507535040355,-84.28567473450128
35.99403290000008,-78.89861899999967
40.72832445121954,-73.39291179061934
39.83914824285712,-105.03216277142862
38.52176314134587,-90.37951224879822
35.91286871719726,-79.05795000955393
-6.913205155022846,107.6083781100461
39.53039030532315,-119.80728354752816
39.07617749801589,-77.52873638690465
26.258563630102092,-80.2385402556124
1.3500086582834285,103.81981147245557
41.13670535410444,-73.3913185552236
33.92970293465695,-84.29913714332129
45.04218519974685,-93.4202704227851
39.82432852201839,-75.11013894082576
35.08449089999994,-106.65113669999964
32.790140385433034,-116.98666467677164
25.70136868383453,-80.28382871879703
40.323418894859195,-74.6707666395875
40.283449439252294,-74.02286978785042
43.585087992558115,-116.19359617441883
40.587939474324486,-105.08615976936952
21.305352697091696,-157.8565764847866
40.537720407053975,-74.31158745892132
31.758621960993,-106.48684498510602
37.690367822605424,-121.91272740536361
33.14652346503489,-96.84153386643392
42.743624706534156,-84.51408950369364
42.61889103586396,-83.18595369581142
42.34851779653987,-71.26712263944616
38.833602019291135,-104.82347615472402
33.01136557948713,-117.27936872205134
40.808470118954155,-96.68120794313762
40.163023058128054,-75.27973997684717
37.09061012009154,-95.71242934520505
41.303635375185145,-72.93087700925939
36.83060879954754,-76.28354324570124
33.78671394913293,-84.26730043670557
48.86216518303542,2.3473354309523797
41.600544799999724,-93.60910639999948
33.05810629999997,-112.04764229999999
40.13140156554869,-74.04840353597558
39.975979296590914,-74.93593171704546
39.72943190000005,-104.83191950000027
39.21998840089823,-76.84220286257482
42.48073059959513,-83.44090587449402
41.08514617669909,-81.51533193300993
36.86128179731546,-75.97877926711439
33.955251871573736,-83.3819961116754
41.07594545633065,-74.03331747674419
39.381378748920895,-76.76447242949635
33.170241442487004,-96.64142141658036
44.913729002916696,-92.9736243720835
41.821794125255884,-71.41044429863484
35.965912529870025,-83.9172300480518
33.1283437976526,-117.11862080093876
47.34896089382018,-122.26630110393211
41.65723204825177,-86.23702068601392
40.413218529729726,-74.24831375675677
40.338303635294146,-74.10878461411778
13.725577844368637,100.49263232627989
-6.313884563343105,106.79735578005894
44.772391405198825,-93.18977439602479
35.678395273640106,139.7165436899586
44.05265691302333,-123.07820922418631
41.77956610152687,-72.70028600839697
34.85341380823025,-82.39419619506143
43.65305465463923,-70.25565257680402
41.46519775424524,-81.85388453962261
39.9690057027625,-105.08623501602226
36.03311639999995,-86.78277720000004
34.42138278255821,-119.69588376976738
40.59266791104294,-74.47007496380364
37.566109689560385,126.97828145604407
33.48731338861778,-117.6568133296749
42.531773825882375,-82.9721404982351
34.061396851000005,-117.1927497479999
32.983184825274776,-96.91039829011007
44.47752172333334,-73.18650953809532
41.812081216814164,-72.51274583362824
41.16926165458728,-73.21528570504582
40.94519967011316,-74.19528321017764
39.761863698507455,-84.19227029800986
34.16239295101215,-118.82571076882579
33.99992613827743,-81.03762550956941
40.584538094444454,-111.89417209259257
37.68996244829259,-97.34007327707347
32.79853893361705,-117.2319073859574
45.11447365572909,-93.24950187916676
42.77494439784174,-71.46753038417262
41.78935538503001,-88.31901607125758
30.45481683217829,-91.15253677920764
27.94682377981227,-82.79824120375588
47.77711716872249,-122.1880764678417
43.55165199333337,-96.70232363555559
42.20452803431379,-87.95673054084995
39.166481344943776,-86.5280477522476
33.95451705052077,-117.39681711458293
47.988546991240916,-122.19879504379564
42.51622557063832,-70.92247974468074
40.1569262307692,-74.93667080979024
27.91684162857144,-82.27903529783538
-7.266232031097554,112.74380205274416
42.23837063749991,-70.98888876298071
38.82671756403499,-77.43701048289454
36.074825644787545,-79.79377962393798
33.64876099668246,-84.44335602890979
26.69596207999994,-80.0291159254902
40.858938934193645,-73.3776772858065
38.737607438095395,-121.25175982857172
36.15299880949376,-95.99354330000021
13.796042920000005,100.63138860758623
-22.905242465454506,-43.17738449363641
41.719608519886336,-87.71363075511387
38.7333597634146,-77.21608809902455
33.49069818333331,-86.80046247777769
32.055074590710404,-81.10199949945353
28.53934658258063,-81.55618976322575
28.292895543835478,-81.40777267671216
27.66288411900822,-81.52064140082635
44.26210785026183,-88.42875007905754
42.94113778690477,-78.74750318869043
41.51389417697632,-90.54639273052484
41.36629365833337,-73.4609216739584
39.36760125380128,-74.42722405731006
38.87306624878053,-94.82628652804853
30.41697351351348,-87.2133299337839
29.65267232536594,-82.32388039951206
55.752286667826034,37.61990260434779
40.22186613400001,-74.78723882400006
47.25269035753431,-122.44309574794539
42.2029479747312,-71.18225419247307
41.26327577961171,-73.0549661669903
36.74844328399996,-119.77278494666648
33.88941119641036,-117.56065435282056
45.433455222916734,-122.7940271583333
42.43949814107144,-71.41350418928577
40.11212102112058,-88.22429663663807
38.9738832379146,-95.23051065639801
38.60459290970157,-90.56349462164195
34.08005073809524,-84.04325479761896
33.96214612037921,-118.15822703744078
31.962274919512254,-99.87960207560982
26.493066477837854,-80.06987250324335
3.14944340409357,101.68542733216366
42.628552901744165,-71.12111034360473
41.075533519548905,-85.1313281744362
33.60801061055668,-86.62923791788889
30.49935025825233,-97.66256039611662
42.68530626909091,-73.74449943927262
40.494029687805,-88.99389668597578
40.14387234679488,-75.11978826538454
38.02822556681421,-122.29751455796477
36.98135642275122,-122.01369580582013
36.35344744752475,-94.16591156831693
33.40815554000003,-112.21578019999981
52.52274128580244,13.41243638518523
42.27038488759126,-71.44547570000003
41.590789025438625,-87.76211110438604
40.522201069662984,-74.64189297584281
39.745946607253835,-75.54671751243535
39.42972945177305,-76.617071815603
35.92498023099401,-86.8688114532167
51.04500000000006,-114.05722219999977
45.40815137004841,-75.70298151256054
42.50842336441453,-71.20500838243241
41.21215429361708,-73.91692852127659
40.26795962722229,-76.88966073777793
38.98069880838001,-76.50543113631282
28.03915167034489,-81.94928047999971
26.139268115151523,-80.33670756363635
47.801245563157856,-122.32925867485378
42.24639656200001,-71.78911333399996
40.10154994312486,-83.12320786062476
39.08609315333337,-76.88279143416663
34.7496122164557,-92.28411176582286
44.89021834453129,-93.6148527921875
42.994425589880834,-71.46190475892872
41.71808162899996,-73.91948084299997
40.73796011565216,-73.10159995260877
39.74318277346939,-86.38776919489793
29.984653876063906,-90.19576097659585
28.07648729057975,-80.60318092898542
-0.7953034648648674,113.91768529391892
47.53243892640004,-122.02634295920019
42.33938546935486,-88.23190469032264
41.734096789552254,-87.84084854179108
40.966961380851124,-72.20536862340414
40.133710459999996,-82.94149721444434
43.02510905450451,-88.23221555900899
42.64817958014177,-83.01080252482281
42.43629296562504,-82.90538796562504
41.969864524390246,-94.40645667317072
41.524708438461495,-73.07367373846157
39.91668408593223,-75.34457587329841
39.413432753398126,-77.41400914466035
39.32251348431373,-74.57555372549018
38.304722199999915,-122.29888890000032
34.728797649586845,-86.58287680082645
34.09629359175253,-84.51618800618567
33.50737830000007,-117.16330825882338
41.27384081744183,-73.8239299895348
38.43815883040004,-122.72444445759986
35.46980404676267,-80.83785254244616
34.22722422112679,-77.94689124436617
33.37031969999999,-112.58377660000016
29.215657524812027,-81.0262934609022
27.800582800000022,-97.39638099999992
25.143421685227256,55.16857957840912
-8.678551852070992,115.2096438615385
43.19976959612405,-87.955408975969
42.11059940892858,-71.42790088035714
42.09990614351852,-75.9823250657408
40.61700417868849,-75.3664914401638
39.547736549367386,-104.82129879139765
35.04192436589152,-85.3020814108526
34.09609958484844,-117.35579647803009
32.45466925252529,-84.99148583535364
20.683722446428572,-103.34344353571427
3.5845482866197136,98.67679969225337
52.375653810429434,4.893780374233123
48.75955290000001,-122.48822490000018
46.78931095822782,-92.0897873721518
44.64792264835163,-93.22419368021991
41.48932997894735,-81.5227434947368
40.87953265161287,-73.10582969308749
40.789351254744446,-77.861862620438
40.28557517537686,-74.30369969246223
40.15679592876709,-105.11325217945202
39.97728730193234,-75.60671985265712
38.03120613176479,-84.49459046823547
34.265899999999995,-119.25836600000001
26.641705393939457,-81.87262265050516
14.586237249333339,121.02300051466669
42.30405656336634,-71.57737611980193
42.269132190206214,-83.1889549778352
41.91332712241381,-88.26579536724144
39.9586466123189,-76.72260010000011
39.9482586954653,-74.15707707790038
39.0106389642857,-95.72905248714298
38.61002693932588,-121.29816334831459
37.803839731304315,-121.99060999391303
33.93897077129193,-83.9854266105261
33.57026318392858,-84.3156658857143
39.015054168421045,-84.63523143533843
38.98107965039683,-76.87385283015882
38.02930590000002,-78.47667809999989
36.21069122413794,-94.06801187586207
34.00500789999991,-118.81008929999975
33.83281346626508,-111.94803231325326
30.640870886206937,-96.34496417241368
28.335522176991095,-80.66616000619459
27.33897203949646,-82.52653253859675
21.373980399145307,-157.9972299982909
46.729553000000024,-94.68589979999985
45.640402427607306,-122.6560717950922
42.90569565647059,-87.86388438352941
42.44731482971017,-76.51027717681146
42.211040565408865,-88.30109564842758
42.05843599999996,-70.17863740000001
41.61591499999999,-88.20406900000005
40.492058066850795,-80.21461043370178
40.41959923628318,-79.85201387787605
40.34678927905405,-74.53562110540547
39.36488915321107,-84.51268182844044
36.200539941176444,-86.57237393647057
35.84483261428567,-86.39152992499992
33.60522588200002,-101.85217986999993
32.72532300860218,-114.62434224516106
25.846206222222204,-80.31124451975298
-33.861017316438314,151.20550395662124
61.21842018750005,-149.89916953124987
46.87665568390811,-96.78616964367819
45.52383196078434,-122.40388168039215
43.46153143877557,-80.5138992244899
42.72613090000003,-87.7828522999999
41.55458326611566,-87.49165219256199
41.348841212631605,-72.10974612315789
40.033651510687086,-76.30881258778642
37.66035382608691,-77.52040811014481
36.09904962897191,-80.25041038504673
36.060875250000045,-94.16013734285731
31.231750261682198,121.47175588785048
-33.53321582564104,-70.5705641726497
47.663706155000064,-117.42689400666642
42.118465088073464,-80.0990219229358
41.982451490476194,-91.67582958214278
41.20332159999999,-77.19452469999996
40.69189042641513,-89.58800369716985
40.26396085760876,-111.67576325434781
40.133951006802704,-75.49370729795913
39.68491732540972,-75.74812530163935
37.21490141333333,-93.29784728666681
33.18790862993197,-97.10720934217687
32.941418193684235,-96.60630874631585
29.61946087119993,-95.62735054640012
18.451313982170557,-66.11100932868202
-7.783337488194452,110.37453517638863
-34.61509107785714,-58.35681681428571
43.07249017132352,-70.77079834117654
42.055932409836046,-88.27969641475417
42.03203617234041,-71.2038632904255
41.697599935526334,-71.42126224868427
41.62107486103896,-87.87784998961035
40.614946831967245,-75.48967326639357
40.29835940975607,-75.1409090951219
34.61002430000001,-112.31572099999995
30.276258827999985,-81.39377127466665
45.52933926739131,-122.9681242967391
44.02470619999998,-88.54261359999994
41.580364010000025,-83.66526923499994
41.37824584299999,-81.39883148799996
40.65503961788084,-74.5922923145694
39.755542999999996,-105.2210997000001
38.780912411504396,-90.54374685840712
37.955055019999996,-121.67734518624994
36.60294685466665,-121.88055609600022
30.004199412280716,-95.22861264210522
28.702403240476162,-81.22180714920631
45.406139413846205,-122.62041703846178
43.55255420382162,-79.62596779108263
43.20115991129031,-70.86814994999993
41.672828651648416,-91.55219026813172
41.17777003699997,-81.391845711
41.01007764324329,28.984826483783763
40.42198808805972,-86.90630330447748
39.586955594520525,-78.84626139999999
39.370635690277815,-104.85724013194438
39.34981941442316,-76.48579310000005
39.261002327083354,-84.26058520624991
38.72417235744685,-75.084780851773
38.581284559459434,-122.87389062162156
32.06074734943815,34.79037167078654
-37.82199308503932,144.97042961889787
47.04234282710281,-122.90231319719625
44.509028164567,-88.03032619842509
43.99812911200005,-92.4488505600001
43.77482319743587,-88.80155943589746
43.18869623970595,-88.11489086176478
43.13950457692312,-77.45939475769241
41.3609470910448,-81.60103878358207
39.73912437130438,-74.96900667217398
37.6161810307692,-120.99691516346132
37.014296944680815,-76.38013057978732
35.60314420573767,-82.54716155901625
35.413118899999986,-80.58185672777772
34.4242163935484,-119.84484297741933
34.2694474,-118.78148200000022
33.80025900335567,-84.67408021140926
25.63670859081632,-100.2844143979592
42.81664441785712,-73.93962062261897
42.34266320379149,-87.86785205876795
39.643574959523825,-106.57373321666662
37.67944464242428,-121.76654022727263
36.679350793548366,-121.65646095645155
35.22344443461536,-101.79775349999993
34.54002420000005,-112.4685024999999
34.46609381066672,-114.32067682133324
33.82619268181814,-116.55318370909079
32.8795022,-111.75735209999999
-6.186004938624344,106.63204278148125
44.93881247500003,-123.04780896911767
42.628958649038466,-71.35122830480772
42.27319815844152,-89.09025057142851
41.66343966065582,-83.5535316262295
40.639010235714274,-89.40692979047624
40.04978143968257,-82.82340323015872
39.66705178620689,-84.1248121896552
38.544935959090886,-121.73981382272717
35.28275239999998,-120.65961559999982
34.95035146250001,-120.43699517812496
34.20731960000002,-84.14019259999992
53.3314385870129,-6.262210831168825
42.16880607866664,-88.11917925866672
41.45552953301886,-74.00979498679247
41.357089113999976,-71.92606231799996
41.328144200621075,-81.81257631863357
40.88267017368421,-74.58372784122803
38.40879929999997,-121.37161780000011
38.0039821936508,-121.86139480000007
37.4244181,-78.65148029999995
35.67149159824561,-97.47525437192971
34.86973949999999,-111.76098959999997
33.7057101238095,-116.2585857738095
32.216316,-80.75260799999987
29.938239504,-93.92756200399998
26.198235001886818,-98.23404682264152
26.142035800000023,-81.79481029999991
22.402151579020988,114.10654078461522
48.430410304347795,-123.36622280869567
47.60630623582092,-122.67355319701487
42.35252491807232,-72.5971362626506
41.87800249999999,-93.09770200000001
41.57096120408163,-72.83391729387753
41.14723898571428,-111.98812843636374
40.64314741643834,-111.5045865849314
40.42154480759497,-3.697031407594939
40.36004684488214,-75.94743980800733
40.34145708317755,-80.05338372803746
38.44858885607471,-122.41048469532707
37.97767179480515,-87.55648225974019
35.3709454390805,-119.02249937471264
30.693826544036693,-88.04492469724764
30.518549240298533,-97.82611990597005
29.785785300000033,-95.82439559999986
21.16327081764706,-86.83935796470591
-6.249618681415921,107.13863804778777
55.71819434183681,12.59012110204081
53.51278204406783,-113.4882558864407
44.75972211206902,-85.62142585344829
42.87645953529414,-71.33209777058823
41.425380150000024,-75.66539475340916
41.13998139999998,-104.82024619999996
40.82914471833333,-74.73501864333333
37.956865750819674,-121.28902761967211
37.129161352941196,-121.65309102647058
34.6867846,-118.15416319999993
33.475218585882395,-82.00809747764717
32.609856600000036,-85.48078249999992
30.079940499999985,-95.41716009999988
28.05330846981137,-82.7671325726414
-33.43178178695653,-71.8300372130435
60.16984669855064,24.938135352173937
50.11151180000001,8.680505900000007
45.241038591111106,-93.3794306377777
44.10809405061731,-121.34836397160488
43.68859050000003,-79.76246693749998
43.67966844716979,-72.28050894716978
43.099451964285755,-88.41508060119041
42.769240956363625,-78.78484952727274
42.12455599139791,-72.60676198172042
42.114863553608245,-79.28962302680418
42.06126195473679,-70.97037064631571
41.63198946120693,-88.05270285431037
41.66270107422687,-72.6362219670102
41.27429745042015,-75.90029408991596
39.91236789743589,-82.78044625128206
39.22690204242426,-84.38126173939395
38.040533540476204,-122.15067399047621
37.28336207555554,-76.67376676333342
37.2009128493151,-80.41479546986297
36.82522770000002,-119.70291940000003
35.56395940588235,-108.81552750000004
34.94415470892858,-82.22668469285716
32.47574628166664,-106.52048587499999
9.888315305555558,-83.87653556944446
47.52971028717951,-121.82982809743586
43.86062039999996,-79.00424072363631
43.845906372222274,-79.46089233333339
43.5944677,-83.88886469999994
42.81703939591832,-70.88201903673472
42.790301400000004,-86.09889908888897
41.47309479999996,-87.06114119999992
41.44193256451609,-82.71486935806446
41.39944307428569,-73.67445895285717
41.286523995000024,-72.74534268499997
41.03593529999994,-71.95451460000002
40.51565608863638,-74.84837842045452
39.976698565517225,-74.80614838160925
39.45922442325581,-74.72746476511621
38.90918557777781,-94.37717572777774
38.803939580392175,-90.7528668176471
38.77977002000002,-89.95685161999995
38.294999021739095,-122.46091008260858
34.57545723409091,-118.10740798181823
30.453280506896565,-86.54165991379308
29.714823009756095,-98.12915433902447
28.548544185124033,-81.76366454793383
27.50138588172042,-82.57497172688161
-11.500846897727275,-76.97712503409092
45.794137344262296,-108.50136432622962
45.70093673265304,-111.0740808183673
45.54901525599997,-94.17173127399998
45.467831374359015,-73.82620022307694
45.05062578709679,-92.8277106580645
44.87551830000001,-91.91934219999996
44.67954462083335,-63.589617687499945
43.800087063333336,-91.25054388999997
43.093246894871776,-79.04338921794874
42.69083871917808,-83.4290344068493
42.24133947142856,-83.61173401285728
41.72508171492531,-93.60499495074623
41.49221293478264,-71.3161524971014
40.18708046904764,-85.3859762738096
39.550050699999986,-105.78206739999999
35.60605104054053,-77.37182175405408
35.14267834782608,-89.77901539420276
34.904665034042566,-116.98319958085095
33.605350000000016,-111.74111300000003
30.159947047252736,-95.48642960769222
30.133332243478236,-81.68688389855072
3.061397895384617,101.59475194692295
-6.952122665217384,107.39843943188394
49.27926127037035,-122.78930238518515
47.949961679999994,-122.31275985200004
47.67501418888888,-122.53537296851863
47.364530668965514,-122.06100575172408
47.65253215588234,-88.90267798529415
45.465205074666656,9.18886328666667
43.617831994736854,-72.54220900526319
43.07414036982278,-73.78911230257069
43.03800285476195,-76.03546695833327
42.355695887654306,-88.05895092345676
41.89633846666667,12.478238363333336
41.66929178441554,-70.25555582467538
41.65132043773581,-81.37575997924523
41.57675691728396,-81.47704840740737
41.455181474324334,-70.57018235405407
41.442310505769264,-71.49301876538458
41.22114041999998,-80.80249902000003
40.383609158181805,-75.30832821090907
39.43688460487803,-106.05392107804869
38.89603826086956,-90.15101442173915
38.5623021375,-89.92670637159097
38.33178101587301,-75.08785753015871
36.172759960869556,-75.76057226956523
35.759573100000004,-79.01929969999996
35.036696078125,-80.91718918125012
34.93790870655737,-81.02544249180328
33.688781170270275,-84.0557122945946
32.8823900857143,-109.80162881142864
32.58906308181817,-83.64968272424238
32.58859914642856,-96.84633134107148
31.957581799999996,-110.95564599999994
31.55293789047621,-110.28492225952385
29.889077696875002,-97.959254084375
53.48630177941176,-2.2256014705882343
51.224085225000024,6.782343097222227
47.19326627708336,-122.28119009791665
44.16355911111109,-93.99683351999992
42.140571885714294,-83.76142021071432
42.09316764423074,-86.45139165961541
42.02214165094339,-93.62538757735825
41.54929610666669,-73.42615137555555
41.44114191363636,-88.23111064545452
41.42543272586204,-73.24932361379312
41.43416006666666,-82.03421106507936
41.42147663380283,-72.85559720563379
41.36094858918917,-79.75258055945942
40.899851957142864,-72.37019409642856
40.82192626464641,-81.39454850202017
40.65402900384615,-74.85910214615386
40.66679241276596,-80.27729069148934
39.575034815384626,-74.2795736153846
39.60482317500003,-86.10291028055552
39.16668941139235,-106.83047169240513
38.89656540000003,-121.07689010000006
38.24578775897438,-122.03544398461531
37.95336396052632,-91.81791290263163
37.27527999999998,-107.88006670000003
35.03589608837206,-78.88909969767447
34.23010194545457,-84.4882561000001
34.21639370000002,-119.03760230000002
33.68921389166668,-78.88658981904767
32.42334878125,-111.19293983125003
31.142031170370405,-97.77740294444446
14.450246817647056,121.0423031588235
-8.409517800000001,115.18891600000003
59.932164441666664,10.521908195833335
50.840017652000014,4.353807492
50.08184736071428,14.42198965
49.18433698058253,-122.90817551456307
47.38942803076919,8.53466322307692
46.8716667,-96.895
44.800795639130435,-68.77638865217385
44.099541634782625,-70.24112942608699
43.77053180303029,-88.45014214545449
43.77268785714285,-79.25226571428574
43.61140036129035,-84.7685446612903
43.386483814705876,-73.66055275588235
43.09721740000003,-89.50428759999988
43.0780887368421,-86.19560247631577
43.0023896095238,-70.91505612857142
42.52361109999998,-92.44638889999997
41.87393466666669,-73.80893516666664
41.518014010526315,-71.99411957368422
41.199206983157865,-73.71938168
41.147843909523786,-95.91591272857139
40.38265087656247,-111.82465428125005
40.298672399999994,-83.06796500000006
39.63977385,-75.61780918437502
39.697383045098086,-119.46992730392155
38.726992333707855,-90.38403399101111
38.375897321875016,-75.59345135624999
37.08815946875001,-122.10857580624997
36.09684598297874,-79.46597298723408
35.741257523076904,-83.92503017179483
35.12484099696971,-120.61567573636366
34.99928851578945,135.77179438421047
34.19395323571427,-119.17834129999991
33.942465800000015,-117.22967169999995
33.73621209206348,-116.39741609682548
33.44701456666669,-84.1467757538462
33.27140643076923,-86.82303357692308
32.48003305714284,-96.99959455714283
29.523346818421043,-95.10613864210524
28.187325324489773,-82.35277399795919
27.62778662285713,-80.38514633142861
22.29929828181819,114.17625446515163
19.73696714827587,-99.14386169310345
-6.606456431999993,106.8074892493334
48.200480841025616,16.379131733333338
47.736766323529416,-121.98146217058826
45.2228147724138,-93.60249518620691
45.08914711382982,-92.98978186170217
43.49586815789472,-79.90646192105264
43.49467595454545,-110.78357392121217
42.58128418,-87.82144925000006
42.239474245,-79.421907855
42.00964919259259,-73.90357044814817
41.74216068604652,-83.672949072093
41.383532519230776,2.1636387743589753
41.08022992,-80.66729580545453
40.88859450689655,-111.88428645862075
40.48177422916668,-86.13211010416666
39.90421400000005,116.40741300000023
39.83092929999999,-77.23109549999998
39.78172130000001,-89.65014809999991
39.627844957142884,-79.95424813896113
39.18839621702129,-74.68138664255324
39.07049134999997,-94.42752105
38.70096494333335,-9.06171813
38.5266861,-75.05453253333336
38.44151280892854,-78.8447413142858
38.35657730000002,-121.98774439999997
38.30357677358494,-77.46068665094347
37.74044994324327,-121.43245622972972
37.368403014285704,-77.47784238571427
35.793262950000006,-78.51144173611112
35.686975200000006,-105.93779900000001
34.54582819999997,-117.31575202083332
33.415048500000005,-111.54957769999993
33.21059238888892,-87.56892385740743
32.53075935238097,-93.7176223730158
31.928804362499996,-102.42679744999998
29.982493408888878,-95.72574205777782
29.89349666617643,-81.31258857500004
28.938919862711874,-81.2945272542373
28.6857480392157,-81.5106009803922
28.177697155999983,-82.49474173199992
27.784125274576258,-82.77344123050844
26.822241860000023,-80.13504349000009
19.017614699999996,72.85616440000008
-27.44875566363637,153.0153793545455
51.409932788888895,-0.2805469333333333
49.885855372093054,-97.15884239534876
47.487380418867914,19.01766161320757
46.691717304545456,-120.5154324954546
44.260529424000005,-72.53011004000001
43.45287899999996,-79.70164800000009
43.3487,-79.79030000000007
43.200137748275885,-71.55311603275865
43.07614631363635,-76.25583724318183
42.86834484347827,-112.3810149652174
42.601431761363614,-90.58420624772722
42.33379252,-122.90204038000005
42.27580008157893,-85.16820360263159
41.493743478947366,-86.68342617368425
40.41728709999999,-82.90712299999997
40.295772429787206,-76.63302555957448
40.250939622222226,-75.41191562592591
39.83466685238093,-75.73518863095232
39.74315045199999,-74.23451262600003
39.739859329411786,-75.27042556470587
39.710145642592614,-121.86162910185179
39.360094298245635,-84.31193973684215
38.838116315151545,-76.81695778636372
38.75377601000001,-93.68162686000004
38.34016715625,-81.62505774687499
38.232416999999984,-122.63665240000019
38.105385538235275,-122.56876357058817
37.72945785999998,-89.20745336666661
37.47186460370371,-122.4397389407407
37.20362840909092,-89.52905367272722
37.28223798387093,-79.93469196290322
37.00578160000003,-121.56827510000006
36.11560709999999,-97.05836810000002
35.89202560185187,-83.47923061666671
35.58237545,-120.6800560357143
35.470031737499994,139.6432153208333
35.24717804782606,-106.65846970869562
35.222566800000045,-97.43947769999986
35.159518199999994,-84.8766115
34.736797720833316,-82.25416757083336
34.66400264705882,-120.4467640647059
33.6932332090909,-117.14484375000002
32.33198723255816,-86.27489657674413
32.29654480000001,-90.18339674791675
31.54774894945052,-97.15013558351642
28.616368215624984,-80.80625612812499
28.48543575714287,-82.55225978214284
28.025491002941173,-82.36611721176472
26.964144414814815,-82.07890595555556
23.61858651111111,-102.57579328888887
20.754578572413795,-156.45928159655176
19.655309820000006,-155.98101685714286
19.29171065750001,-99.06601515999995
18.379150024999994,-65.96051222499999
1.3488158559999999,103.96591656000003
53.55381479999996,9.9915752
48.130996739285806,11.561409561904776
47.92612799999995,-97.02974130612239
46.96930448421052,-94.96869807368421
43.66662959999999,-92.9746367
43.2249448846154,-80.3134319
42.55813960217389,-96.50385196956525
42.31730912894738,-73.2499016894737
42.07092738285715,-76.73789233428572
41.99037629615384,-71.49090476153847
41.79124054117647,-73.13313367647058
41.775070508,-86.104460552
41.66877244545454,-88.37714367045454
41.162991632258105,-96.03901208387103
41.12523965897437,-81.87289340512825
41.0573498,-76.14536510312503
40.8874213921569,-72.64991421372544
40.90956215833332,-98.35477662083333
40.92460374062499,-72.84981520624999
40.65852283750001,-80.04841481250003
40.546898185294125,-85.61076659411766
40.10531960000002,-85.68025410000004
39.988369318749996,-104.82029390000007
39.6402638,-106.37419550000003
39.20111130188678,-96.58263467924526
39.059660945454546,-84.22191170000004
38.42206940000003,-77.4083162
35.73952107,-81.35014223000003
33.97179266333333,-81.26641372999998
33.816005799999985,-78.68001600000001
33.39482801509435,-84.59574191509437
32.8406946,-83.63240219999992
31.098234400000017,-97.342782
30.351866735999998,-86.17997556
28.205482774647912,-82.71472674788731
26.645508109523814,-80.28835366428565
25.90174720000002,-97.49748379999994
25.107673697368433,121.8292653421052
-25.533564140000006,-49.221992492
66.23750002692306,-149.23392094999997
60.66947651538458,-151.2699786307693
55.94814997878791,-3.185388348484848
47.9128756,-122.09818480000003
47.194172223913036,-114.03387260217393
44.41256458400001,-93.19162643999995
44.2718782368421,-73.97457628947367
44.022131784,-103.17665850800002
43.95528249999998,-86.45258310000003
43.811799312499986,-88.00622312499999
43.10554023620695,-75.26056391034489
42.978567039285686,-81.24601542857143
42.962447994444446,-85.4542309777778
42.77760176470588,-78.61655855882354
42.455461518867935,-89.03451132641509
42.24813885333334,-84.40520779333332
41.97573087733337,-72.59476799466665
41.95462725937499,-70.032374659375
41.857059879999994,-71.895319335
41.74311122777777,-74.08778891666667
41.62965107761191,-70.93337080895522
41.385752284848465,-82.14451933939397
41.393770247058825,-74.32814273529411
41.29007541764709,-72.57800104117645
41.25867912499998,-95.85809167999997
40.98846050000002,-75.19528642142852
40.69784209298243,-75.23287691403502
40.554276513333306,-79.92328551333334
40.36135014999999,-75.48247110000001
40.381284710526344,-105.07610605000008
39.84876129047622,-84.02388454285713
39.5434101125,-76.1290315625
39.2461138,-94.41911769999994
39.04814517692309,-74.78091045384615
39.015145111363616,-94.26453126590914
38.761222358333335,-77.58277286333333
38.78886369473685,-76.08081668947369
38.179183321874994,-85.63248602187498
37.81106496538463,-84.25965556538459
37.47554294772734,-77.66896964659072
36.02773792631579,-78.52000045263158
35.18944299999999,-114.05300649999997
35.0554403,-114.61368386190476
34.83625089487181,-89.6149717179487
34.734568391304336,-76.64820687826088
34.44804950000001,-119.24288900000005
34.285558000000016,-118.88204140000006
33.66188568709677,-117.31243120322586
33.59745205384616,-83.8647247
32.76789627777776,-96.59773948148141
32.55171940434783,-97.33171911304352
29.56857905789474,-95.77264403684212
29.572324454545445,-98.29765783409093
29.3013479,-94.79769579999997
28.160169158208934,-81.60368205223882
27.771868424999997,-82.41089215625001
26.446165940909086,-81.98612102727273
24.56159283684213,-81.77181535964917
-4.998734383333336,119.53823121458339
-5.447187750000002,105.269291225
-6.9973667209302315,110.44339255116276
-35.471089121818174,175.01440264909098
52.08428081199998,5.099351159999999
52.06563365357141,4.354354264285716
51.52115255666664,-0.34925282666666657
51.442114715384605,-0.9324303423076924
46.80832680000001,-100.78373919999996
46.20800503333333,-119.1292910481482
46.134489728888894,5.6784046222222235
44.81008767407406,-91.49305295925924
44.72383306499998,-92.85529170000002
44.08766690000001,-69.12985476842107
43.96248768148149,-91.38994239629628
43.89143330294111,-79.25035463235294
43.7214791764706,-80.14384411764706
43.32982768947369,-88.36589349473684
43.230592345945965,-86.25146857837832
42.978748157894756,-77.40779840789473
43.074110100000006,-82.46165647999999
42.92752770000001,-83.6299518
42.53312015294118,-73.60411905294117
42.314743600000014,-88.44870209999999
42.150725698387085,-70.75898489677425
42.12850731481481,-83.23198594444446
41.9164343,-83.39771010000001
41.58208881153847,-73.91907814230768
41.463582282142866,-72.1050127607143
41.054386880769236,-74.48804770384618
41.031988557692316,-83.6510095961539
40.89199681764705,-76.8713202764706
40.44959928124999,-79.70478489374997
40.44288334285716,-104.67553027142858
40.058506320000006,-74.573130464
39.78257597647058,-85.7478699588235
39.55499723703705,-84.26213074814814
39.4716946547619,-76.28286628095236
39.44708125000002,-75.71519690909093
39.38504934090909,-77.18395970909093
38.706705799999995,-77.79377645238098
38.57879649999998,-122.57970539999998
38.371453841176475,-75.21991347647058
36.529156734285706,-87.35980964285719
36.30441218775506,-119.28759105510213
36.07527794285715,-115.2897729857143
36.00507548571428,-75.65852207857145
33.873963010344816,-112.14532930689661
33.93533577000001,35.53392969500001
33.846367726666664,-83.90807177333332
33.57643101250001,-84.56294247187506
33.55202411071428,-81.72199392142853
32.44702536400002,-99.72356579199997
32.29826924102564,-95.35638641794871
30.306561369230774,-93.61409105
30.226977253488375,-92.01971997906976
30.082360763636363,-94.11764801818185
29.739033235294112,-94.97559718823528
29.69040197600002,-95.20615069200005
28.248901600000003,-81.28118010000001
26.933726683928597,-80.09353589464284
21.4062427,-157.77402046842104
10.45776805882353,-66.94489194117648
4.585609611111112,-74.06354163333327
1.4654160829268288,124.84113083414643
-7.977633817073176,112.63174283902441
-24.40194560555555,30.02303330555555
-26.131424419230772,28.428159157692317
-30.00461251250002,-51.213627568750034
59.9729329304348,30.635699547826086
49.507155378571426,11.091953828571429
47.330927972222206,-122.58135256944443
47.64480899259257,-93.49240824814817
44.967144533333325,-92.76528097142857
44.04839335000001,-79.46160162857144
44.021758535294126,-73.16653946470586
43.56886981454546,-89.75414951454546
42.98710974444445,-89.5179777365078
42.86064778095236,-88.34993134285712
42.8937677923077,-88.78528723846156
42.785438625000026,-83.23707149750008
42.6972909090909,-73.89433852272728
42.54374095238095,-71.78630269523809
42.492298664864855,-92.33541783783778
42.52489056190477,-83.6967055880952
41.9893007,-70.66910997037039
41.83191245600001,-88.44154284
41.82538814523812,-72.29748236666669
41.73016841428571,-71.15026683333336
41.65649697499999,-86.99648981000003
41.59867791363636,-73.79924097272728
41.504451786363624,-87.89253916818178
41.36824308717947,-83.63728396666671
41.332822275000005,-74.160614234375
41.27995967818181,-70.10640855454548
41.22186888571432,-74.34647331224484
41.078219253846136,-72.38305405000001
41.04466343684209,-75.32916198421054
40.684738000000024,-76.19544494285711
40.35869990769226,-74.95404722692311
40.26048464222223,-75.67506447555556
40.181007112903245,-76.73755712903225
40.12812099259261,-74.20667995555559
40.116313878378385,-111.65372920540544
40.03013946923079,-84.19968675000003
39.966789773913035,-81.9961205565217
39.42017386470588,-84.20541045882355
38.576701700000015,-92.1735164
38.33675569444446,-122.69963302222216
38.12398861666667,-92.68314505555557
38.14584827647061,-121.26911887941183
37.415083277777775,-79.13538600555562
37.09723666111111,-113.57417955
36.20678694444443,-79.90943437777776
36.09597150000001,-79.26696190000004
36.05167254705882,-95.80792920588236
35.29309514642856,-94.33249688571426
35.04914980555556,-80.68807273888889
34.91120514999999,-85.10496782499999
34.22717478333332,-83.88690269629635
34.22933810909092,-84.77008852727268
33.75082830909091,-116.97075627272726
33.37504949142858,-84.79588606000002
33.016743026666674,-80.15465897333334
32.72563327499999,-96.468910275
31.30313713333332,-92.1417300575758
30.723880742857155,34.87034602857143
30.362830564705888,-90.0765745647059
30.176591400000003,-85.80548790000007
29.542716799999997,-90.33813609999996
29.032738324999997,-80.92336603125001
27.217915202702702,-80.24589612972967
26.562853699999998,-81.94953309999994
18.631891642500005,-69.897925865
12.989688734782595,77.85017316666672
-31.950504805882353,115.84887316470588
-38.05736034731758,16.559808606858137
59.9577662818182,23.529347427272725
48.72301781363637,9.135630054545453
48.42111310740739,-122.33944884444445
48.23250950000002,-101.29627320000003
48.082745189473705,-122.0863632947369
47.23212634761903,-121.68604855714284
46.05714026428573,-118.3527039035714
44.985404613513516,-89.61130589729726
44.68447927307692,-74.99145146153846
44.60535459047618,-96.94189400952379
43.76041930833335,-87.74039494722228
43.762779321052626,-70.21735977368421
43.66442534090909,-70.47492584999999
43.60492885294117,-84.2325702117647
43.4163152875,-96.40623288749997
43.51999373999999,-71.453003265
43.49702884210525,-70.42930495263157
43.42527759999999,-88.18342770000002
43.32143174642856,-70.55610493571426
43.1836046,-89.2137254
43.164265325,-70.63139878125
42.957202069999994,-85.91109284
43.05370821875001,-77.61933119374999
42.87728712173914,-71.58804694347826
42.77128127407406,-83.67022176296304
42.625269064102554,-82.77143891025639
41.985989360975616,-71.31956103170732
41.93201015660377,-88.73798503584904
41.9260414967742,-74.01956185161295
41.60066128947369,-71.24429276842105
41.564505274999995,-71.48682032500001
41.644583306250006,-75.24369599375001
41.445927099999984,-74.4229341
41.4467119935484,-87.35063626129032
41.199143750000005,-74.85846854999996
41.126664948484844,-81.62450397575755
40.92069863461538,-72.52464004615386
40.83604878250002,-72.88915045999997
40.62145510000001,-79.15253490000002
40.532594847368415,-75.59661603684211
40.45481934347828,-105.55372789130438
40.14782817368422,-76.6000845894737
39.86598834814816,-88.95870888518519
39.79304540416669,-86.26535143333336
39.8311759285714,-82.48414515000003
39.61832530816322,-106.03011103061222
39.548935000000014,-89.294533
39.50117273333333,-74.5725615375
39.49681124375002,-84.392147446875
39.365864331249995,-77.81645274999997
39.23174245294117,-81.5548302764706
39.20310808879308,-77.24972986896555
39.185659700000016,-78.16333410000001
38.81641051999998,-109.02220731142853
38.92823216666665,-102.07319369999999
38.6926416219512,-76.94009953170735
38.42906546666669,-82.48162067222225
38.06331045185187,-77.32626614814811
36.7280583,-108.21868559999993
36.46251172142859,-121.6788339714285
35.94972004545456,-80.0006456977273
35.77444188,-80.88737926000002
35.1491330875,-79.45656164375002
34.689987463157884,-82.49791786315787
34.72098490769231,135.4524815346154
33.848762288888906,-84.84418339444443
33.58837035789473,-85.07428675789473
33.525942257142866,-82.10448360476191
33.31637814799999,-104.49948926399996
33.08014290000001,-83.23209909999999
32.93306221666668,-96.45440776666662
30.39991148999999,-88.85785302333335
30.394736858333335,-89.13328357777783
29.55023321463415,-95.25287561463416
29.175843851612893,-82.1332355709678
28.881581121428578,77.10844583214286
28.027756987500002,-82.64595965625
27.50640700000001,-99.50754209999997
27.22610053214287,-80.41509056785716
26.43813599999999,-81.80675229999999
20.878984077419336,-156.69414895967748
20.80319984285715,-156.3301119095238
15.870031999999997,100.99254100000003
10.770155400000002,106.67742362777774
0.5282427162162161,101.46837722702698
-22.92362618888889,-47.083587194444455
59.33029771228071,18.064872398245594
55.054422977777804,-131.2752141277778
51.964710999999994,7.628496
48.40288019999999,-122.62794815000004
45.255334442105266,-93.80753587368424
44.7332397,-93.3992811230769
44.56694089499998,-123.25951562999992
44.3148443,-85.60236430000003
43.966453756250004,-69.96201036249998
43.91142622608695,-70.52498055217391
43.73176408974357,-75.39538768461539
43.57692230624998,-114.49645934999998
43.416226640540515,-83.94706785945945
43.24329322692306,-2.312208053846155
43.20099073809525,-76.22609475714287
43.016716568749985,-78.59013303125
42.87618794736845,-73.75139166315786
42.56737229310345,-71.57254066206897
42.60481656111112,-83.92601253333335
42.6813117529412,-72.58394314117646
42.57038895,-75.03947082142854
42.03352735999998,-92.90819026500004
41.80373546410261,-72.82907096794867
41.733865783333336,-111.83343116666666
41.79143803125,-81.25070857499998
41.72109467500001,-69.96531692916666
41.68199349999999,-85.9766671
41.53775327058823,-81.1609463764706
41.524327339130416,-74.21861040869564
41.077533453333324,-87.88150255
41.15943838947369,-74.60091737368424
41.06979252352941,-75.58625066470587
41.01763824999998,-80.36587775625
40.43720614400001,-122.26712289200005
40.309004854166666,-79.75035742916667
40.36333058,-121.05229112333336
40.106658929411786,-104.94057964117647
39.958899656250026,-74.31743661874998
39.81890000434782,-94.85294323913044
39.638314600000015,-84.28915456666667
39.51203874255322,-84.74292012978721
39.516350938888884,-75.04683715555554
39.49370924374999,-77.95784527500001
39.335845938095254,-75.19379752380948
39.19629929999998,-120.23544650000002
38.93916343750002,-74.90885265833334
38.67851570000002,-121.77329710000002
38.25444719999998,-104.60914090000004
36.36382663125,-88.92000516875001
36.294663700000015,-86.68240496666668
36.260507125000004,-119.92722042500003
36.1244228521739,-80.07794164347821
36.05961707777779,-84.06837150555558
35.758440714285705,-86.92734351428572
35.65212412800001,-117.66221705600005
35.65037811379311,-88.79007672758618
35.597282007407394,-89.70791979259258
35.38708773999999,-82.49928724666664
35.24933008125,-81.557227425
35.26208200000001,-81.1873005
35.01056785294117,-83.31808006470588
34.76899218333333,-84.9284969041667
34.74453647692308,-86.81610261923075
34.6892720142857,-82.82934928571423
34.5062177857143,-82.62787057142859
34.43583417999999,-77.54368030000002
34.23333249130434,-116.91992867391303
33.12636545625001,-95.89343806874996
32.16272395263158,-82.89537914736839
31.329470042857142,-89.36281192857143
30.4400819375,120.55835393749999
30.634263033333323,-90.46240483333332
30.06474200000001,31.249508999999996
29.810603887500005,-85.3074581875
29.539846720689646,-94.995837137931
29.14035240869565,-98.79594160000002
28.88219030869565,-81.96820783043476
28.03457328181818,-81.75353908181818
25.473942058333336,-80.46982521666669
23.360911405000003,120.40923265500001
22.93402438181818,-109.8602456
22.308393399999996,113.923907
-7.488903590909088,112.78477600000002
-8.55315928125,115.79514937499998
-27.478264300000003,-48.677639700000014
-34.52244304444446,-58.517156516666674
-33.545323633333346,137.9220685142857
55.62540194375,13.023082431250003
53.74607274062502,-1.4068553249999998
52.44434275000001,-1.8683471799999993
51.93734995499999,4.490765064999999
50.8206882,-0.10787782333333344
50.53060731000001,-122.85513078499996
47.6525386,-120.69008090000001
47.50023539999999,-111.30080829999999
46.24820112499999,-63.12721593000001
45.99485686666666,-89.67422739047618
45.50731909411765,12.333702482352939
45.2226292857143,-123.19763180476187
45.085645205882365,-79.01927648235292
44.27082465,-69.01781335624999
43.62460875499998,-116.38588820500001
43.168057428571444,-93.37412738571432
43.01252739999997,-83.68745619999994
43.107372850000004,-89.74567049999999
42.89857427499998,-75.8084191
42.850046711764705,-77.76567499411765
42.79498534999999,-71.13546562407409
42.592202022222175,-88.43691160222215
42.50547228421052,-88.14031999999996
42.517377880952395,-91.50418384761903
42.3742149,-83.95042425555559
42.08966417777778,-72.0383066
42.0994801882353,-71.62120544705883
41.73164162608695,-70.62631175652176
41.697320788235295,-70.07816795294119
41.63237248823528,-93.48000020000002
41.321971462962956,-72.37419222962966
41.163177031818186,-76.87320550909085
40.81135296111112,-75.62588978333334
40.79998949310344,-81.90031330344827
40.30169745806452,-82.45345582903227
40.24641043076924,-80.20991908076924
39.63913843793103,-77.72443768275863
39.53255191304349,-76.41277030869566
39.54855753870968,2.776613903225808
39.32596961875001,-82.09459080624994
39.11786975555555,-75.5035339222222
39.044349768181824,-84.4076570681818
38.87100236521737,-75.52172367391309
38.83591081250001,-94.50262667499999
38.58574132,-77.32459234999999
38.2468549275862,-76.46057794827585
37.97800662500002,23.511392045454535
37.676046582051285,-85.87173830769233
36.90884547999998,-121.758069748
36.60264148125,-119.48764426249997
36.76535096451613,-82.58905121935486
36.31484573125,-82.36986236875002
38.876589500000016,104.87293274999998
35.59956940418128,-78.8100299132573
35.41322393125,-99.53401661250001
35.23739211052631,-81.02858984210526
35.27749710384616,-116.07347273461538
35.1851134,-89.88681229999999
34.951398568750015,-81.94045974375001
34.740786556250015,-76.93532429374999
34.75619586842104,-77.44680583157897
34.50083110000001,-117.1858759
34.25766035714284,-102.52424614285715
34.23790027777778,-117.1936796833333
33.552777161111116,-79.03763700555557
32.54752628000002,-97.14867693999994
31.999914792307706,-83.9375668538461
30.788379161904757,-83.24024182857141
29.558574032000003,-81.18844007599999
29.294040155555553,-95.45034731481479
25.678057715384618,-100.4156699153846
24.969810962500002,-80.83424596875
21.2634891625,100.68264118750001
19.956895333333335,-88.95553647499999
18.399248483783786,-66.56096247297302
18.228340762499997,-66.05186695000002
18.110984093939397,-77.1189432333333
14.049755314999999,100.63493042500002
13.984031277777774,100.32179484444443
13.674301295918363,100.73379480204082
10.25607225625,-61.408721681250015
8.994269000000001,-79.518792
-2.941108525641023,104.63243739230775
-23.73321787619047,-46.50460129523809
64.35864003125002,-21.186443431249998
52.28019842105261,0.1355632631578947
51.69966745217392,-0.30228733913043476
51.453409095833344,-0.5195334500000001
51.09992887199997,-0.19603508400000003
50.94066450000002,6.959911500000002
49.91699005,-119.44318631562507
48.24134754736841,-116.80094339999998
46.26459793703703,7.121275285185181
45.814912000000014,15.978514499999996
45.39667604000002,-84.96999743999997
45.324278742105264,-93.07039689473687
45.708957099999985,-92.40739004705883
44.28168638235297,-108.23402893235303
44.52395750526316,11.367012794736844
44.26661377222222,-83.79581518333333
44.069332662499995,-90.43153383125002
44.13350591052632,-76.32762478947366
43.677285252173895,-111.86292689565218
43.256564611111116,-89.59583092777775
43.22981689999998,-79.89385806451617
43.043628566666676,-78.87931958518521
43.06937807894737,-83.87574526842106
42.8139111035714,-88.19691733214282
42.659974187500005,-70.82461071249999
42.491686282142844,-86.19381150714288
42.1512869227273,-88.4317395909091
41.70996077647058,-72.23179099411766
41.67022517058822,-72.96152121470591
41.766562375,-74.76552135416667
41.51478700652172,-87.68007558695649
41.00973776896552,-74.74776904137931
40.986738842105254,-76.52138241578949
40.75983863181819,-83.9237639318182
40.68304142619052,-112.0390405904762
40.41612811764706,-77.05760887647061
40.21042942592593,-77.00956502222226
39.97892856956521,-86.26383353478262
39.88718642941177,-91.40747054117645
39.79352944375001,-105.49511797499994
39.68155079411764,-76.67732118235296
39.605313428571435,-105.2885790857143
39.81109991428572,-78.26050419047621
39.414708411111114,-87.41599769629629
39.38310641249998,-76.96080175249998
39.28216959,-82.96666090000001
38.96022210357138,-76.22236720892865
38.787495225,-89.2576075
38.97155231111112,-121.3834643925926
38.721068768749994,-78.47518831875
38.58437338947368,-91.18195536842104
37.585726335000004,-77.34148418500004
37.44811158484849,126.7128230848484
37.41937266956523,-119.42001093043478
37.216023011111105,-77.34584601666668
37.11608012857143,-94.45078955714285
36.40573378999999,-94.39272757999997
37.23620986874999,26.417156837500006
36.38871076250001,-86.43799655
35.9669608142857,-84.99632428095241
35.48301499411765,-78.36412279411763
35.0886963,-92.44210109999996
33.99849056666666,-80.12373129999999
34.217015414814824,-98.4156704296296
33.561942875999996,-85.82989244000002
33.5714845,-83.37411404444443
32.621898957142854,-80.07714800000001
32.15548553888888,-97.68466973333334
32.173969767999985,34.839570560000006
30.36197176,-95.50369170500001
28.91155054210526,-82.45776796842104
28.589212343749992,-82.37218369375003
20.89420632857142,-156.47496031428565
18.491471586206895,78.65088100000004
5.904100315000001,1.0504661350000002
-5.995292259090909,-36.61185615454545
-7.537777208695654,110.82776588695653
-37.98394128260868,145.23251596956518